UserId	image1 initial answer	image2 initial answer	image3 initial answer	image1 final answer	image2 final answer	image3 final answer	image1 neighboring answers	image2 neighboring answers	image3 neighboring answers
AJZBAP861F6X1	50000	14500	16450	25010	15000	15450	"26000,25900,25800,25700,25600,24500,24300,24000,23800,23600,23500,23300,23000,22000,22000,22000,22000,22000,22000,16000,"	"10500,10000,9500,9000,8500,8000,6500,6500,6500,6500,"	"12450,11950,11450,8450,8450,"
A1IU5OP7BBZHZ7	15500	9500	10500	13500	8500	10500	"11100,9100,7500,11400,9800,11500,7500,11200,7500,11300,8800,8500,9000,7500,1500,10000,9300,7500,9500,7500,"	"5000,3500,4500,1500,4000,1500,1500,5500,1500,3000,"	"5500,6500,2500,6000,2500,"
A79CHO3NW2IPO	10000	10000	10000	30000	8000	10000	"14400,16400,18000,14100,15700,14000,18000,14300,18000,14200,16700,17000,16500,18000,24000,15500,16200,18000,16000,18000,"	"5500,4000,5000,2000,4500,2000,2000,6000,2000,3500,"	"5000,6000,2000,5500,2000,"
A1GL3COCJAZNGO	99998	20000	10000	25000	17000	5000	"26000,25900,25800,25700,25600,24500,24300,24000,23800,23600,23500,23300,23000,22000,22000,22000,22000,22000,22000,16000,"	"16000,15500,15000,14500,14000,13500,12000,12000,12000,12000,"	"6000,5500,5000,2000,2000,"
AW08K5GK7C276	99999	88888	77777	99999	88888	77777	"26000,25900,25800,25700,25600,24500,24300,24000,23800,23600,23500,23300,23000,22000,22000,22000,22000,22000,22000,16000,"	"16000,15500,15000,14500,14000,13500,12000,12000,12000,12000,"	"16000,15500,15000,12000,12000,"
A1H5Z3L50BDFRJ	100000	2500	5000	100000	2500	5000	"26000,25900,25800,25700,25600,24500,24300,24000,23800,23600,23500,23300,23000,22000,22000,22000,22000,22000,22000,16000,"	"6500,7000,7500,8000,8500,9000,10500,10500,10500,10500,"	"9000,9500,10000,13000,13000,"
A3KUL185XF3MFU	853264	65812	45236	85648	76523	43652	"25600,23600,22000,25900,24300,26000,22000,25700,22000,25800,23300,23000,23500,22000,16000,24500,23800,22000,24000,22000,"	"15500,14000,15000,12000,14500,12000,12000,16000,12000,13500,"	"15000,16000,12000,15500,12000,"
sujanand.amazon@gmail.com	99750	2860	10460	22000	10860	5860	"25600,23600,22000,25900,24300,26000,22000,25700,22000,25800,23300,23000,23500,22000,16000,24500,23800,22000,24000,22000,"	"7360,8860,7860,10860,8360,10860,10860,6860,10860,9360,"	"5460,6460,2460,5960,2460,"
A2EJEI8Q1HIWC7	2500	5500	9500	7350	6500	7350	"6900,8900,10500,6600,8200,6500,10500,6800,10500,6700,9200,9500,9000,10500,16500,8000,8700,10500,8500,10500,"	"10000,11500,10500,13500,11000,13500,13500,9500,13500,12000,"	"4500,5500,1500,5000,1500,"
A4GBRR3OGPXHV	7800	15300	12400	14600	10200	7	"12200,14200,15800,11900,13500,11800,15800,12100,15800,12000,14500,14800,14300,15800,21800,13300,14000,15800,13800,15800,"	"10800,9300,10300,7300,9800,7300,7300,11300,7300,8800,"	"7400,8400,4400,7900,4400,"
A389TXR3TXN3NM	500000	15000	15000	25000	10000	9500	"25600,23600,22000,25900,24300,26000,22000,25700,22000,25800,23300,23000,23500,22000,16000,24500,23800,22000,24000,22000,"	"10500,9000,10000,7000,9500,7000,7000,11000,7000,8500,"	"10000,11000,7000,10500,7000,"
A11RF5IYJQL5B	89952	54632	63251	93653	56232	63215	"25600,23600,22000,25900,24300,26000,22000,25700,22000,25800,23300,23000,23500,22000,16000,24500,23800,22000,24000,22000,"	"15500,14000,15000,12000,14500,12000,12000,16000,12000,13500,"	"15000,16000,12000,15500,12000,"
A5RO4R3JSJ6JN	100000	50000	55000	100000	50000	55000	"25600,23600,22000,25900,24300,26000,22000,25700,22000,25800,23300,23000,23500,22000,16000,24500,23800,22000,24000,22000,"	"15500,14000,15000,12000,14500,12000,12000,16000,12000,13500,"	"15000,16000,12000,15500,12000,"
A25JVQ5GJRGMM1	4000	5500	3800	7500	7700	4200	"8400,10400,12000,8100,9700,8000,12000,8300,12000,8200,10700,11000,10500,12000,18000,9500,10200,12000,10000,12000,"	"10000,11500,10500,13500,11000,13500,13500,9500,13500,12000,"	"8800,7800,11800,8300,11800,"
A1HEGBZOH8L5UR 	90000	20000	15000	30000	15000	11000	"25600,23600,22000,25900,24300,26000,22000,25700,22000,25800,23300,23000,23500,22000,16000,24500,23800,22000,24000,22000,"	"15500,14000,15000,12000,14500,12000,12000,16000,12000,13500,"	"10000,11000,7000,10500,7000,"
 A3LR46VY9QL148	100000	10000	10000	23300	6000	5500	"25600,23600,22000,25900,24300,26000,22000,25700,22000,25800,23300,23000,23500,22000,16000,24500,23800,22000,24000,22000,"	"5500,4000,5000,2000,4500,2000,2000,6000,2000,3500,"	"5000,6000,2000,5500,2000,"
AN6CLA8F8NZF2	78088	58088	38088	78088	58088	38088	"25600,23600,22000,25900,24300,26000,22000,25700,22000,25800,23300,23000,23500,22000,16000,24500,23800,22000,24000,22000,"	"15500,14000,15000,12000,14500,12000,12000,16000,12000,13500,"	"15000,16000,12000,15500,12000,"
A3485IQYNO94GA	500000	500000	500000	500000	500000	500000	"26000,25900,25800,25700,25600,24500,24300,24000,23800,23600,23500,23300,23000,22000,22000,22000,22000,22000,22000,16000,"	"16000,15500,15000,14500,14000,13500,12000,12000,12000,12000,"	"16000,15500,15000,12000,12000,"
A1GY4Z89KWHWZB	750	950	3000	1400	1200	3000	"4750,4850,4950,5050,5150,6250,6450,6750,6950,7150,7250,7450,7750,8750,8750,8750,8750,8750,8750,14750,"	"4950,5450,5950,6450,6950,7450,8950,8950,8950,8950,"	"7000,7500,8000,11000,11000,"
A1C45PPIFCTLK1 	90000	50000	80000	24000	15500	15500	"25600,23600,22000,25900,24300,26000,22000,25700,22000,25800,23300,23000,23500,22000,16000,24500,23800,22000,24000,22000,"	"15500,14000,15000,12000,14500,12000,12000,16000,12000,13500,"	"15000,16000,12000,15500,12000,"
A3CB0SM114NJVL	99999	50000	30000	50000	50000	30000	"26000,25900,25800,25700,25600,24500,24300,24000,23800,23600,23500,23300,23000,22000,22000,22000,22000,22000,22000,16000,"	"16000,15500,15000,14500,14000,13500,12000,12000,12000,12000,"	"16000,15500,15000,12000,12000,"
 AMKWR51EXOPA4 	0	0	0	90000	0	0	"4000,4100,4200,4300,4400,5500,5700,6000,6200,6400,6500,6700,7000,8000,8000,8000,8000,8000,8000,14000,"		
 AXTPGA1CX5BYX	995000	60000	12500	250000	13000	8500	"25600,23600,22000,25900,24300,26000,22000,25700,22000,25800,23300,23000,23500,22000,16000,24500,23800,22000,24000,22000,"	"15500,14000,15000,12000,14500,12000,12000,16000,12000,13500,"	"7500,8500,4500,8000,4500,"
A2UXKLJVZM5FSG	88888	44444	12000	22000	12000	8000	"26000,25900,25800,25700,25600,24500,24300,24000,23800,23600,23500,23300,23000,22000,22000,22000,22000,22000,22000,16000,"	"16000,15500,15000,14500,14000,13500,12000,12000,12000,12000,"	"8000,7500,7000,4000,4000,"
A1MTORNOU8G39	5400	5900	11600	12000	10000	6000	"9800,11800,13400,9500,11100,9400,13400,9700,13400,9600,12100,12400,11900,13400,19400,10900,11600,13400,11400,13400,"	"10400,11900,10900,13900,11400,13900,13900,9900,13900,12400,"	"6600,7600,3600,7100,3600,"
A2YM7PJ6OSMSR9	100000	25000	10000	25900	15000	10000	"25600,23600,22000,25900,24300,26000,22000,25700,22000,25800,23300,23000,23500,22000,16000,24500,23800,22000,24000,22000,"	"15500,14000,15000,12000,14500,12000,12000,16000,12000,13500,"	"5000,6000,2000,5500,2000,"
A2EUY3OCVFQPNQ	30	3	2500	8000	4	4	"4030,4130,4230,4330,4430,5530,5730,6030,6230,6430,6530,6730,7030,8030,8030,8030,8030,8030,8030,14030,"	"4003,4503,5003,5503,6003,6503,8003,8003,8003,8003,"	"6500,7000,7500,10500,10500,"
AP9V6D1JRAUCP	86520	15000	1250	23850	9250	5150	"26000,25900,25800,25700,25600,24500,24300,24000,23800,23600,23500,23300,23000,22000,22000,22000,22000,22000,22000,16000,"	"11000,10500,10000,9500,9000,8500,7000,7000,7000,7000,"	"5250,5750,6250,9250,9250,"
A2S4XDBRGCVWOT	99999	30000	25000	80000	20000	15000	"25600,23600,22000,25900,24300,26000,22000,25700,22000,25800,23300,23000,23500,22000,16000,24500,23800,22000,24000,22000,"	"15500,14000,15000,12000,14500,12000,12000,16000,12000,13500,"	"15000,16000,12000,15500,12000,"
A1SFXNAT8KWG3X	100000	5000	20000	25000	12000	15000	"25600,23600,22000,25900,24300,26000,22000,25700,22000,25800,23300,23000,23500,22000,16000,24500,23800,22000,24000,22000,"	"9500,11000,10000,13000,10500,13000,13000,9000,13000,11500,"	"15000,16000,12000,15500,12000,"
ADHK16IBA0IC6	60000	16000	12000	24000	12000	8000	"25600,23600,22000,25900,24300,26000,22000,25700,22000,25800,23300,23000,23500,22000,16000,24500,23800,22000,24000,22000,"	"11500,10000,11000,8000,10500,8000,8000,12000,8000,9500,"	"7000,8000,4000,7500,4000,"
A1MBG9B3REVID5	0	70000	65000	8000	13500	16000	"4000,4100,4200,4300,4400,5500,5700,6000,6200,6400,6500,6700,7000,8000,8000,8000,8000,8000,8000,14000,"	"16000,15500,15000,14500,14000,13500,12000,12000,12000,12000,"	"16000,15500,15000,12000,12000,"
AQ4PB1PVI9U7V	99000	15000	14000	25800	11000	10000	"26000,25900,25800,25700,25600,24500,24300,24000,23800,23600,23500,23300,23000,22000,22000,22000,22000,22000,22000,16000,"	"11000,10500,10000,9500,9000,8500,7000,7000,7000,7000,"	"10000,9500,9000,6000,6000,"
A2OJ5XOEKTKRR9	70000	12000	6000	60000	9000	8000	"26000,25900,25800,25700,25600,24500,24300,24000,23800,23600,23500,23300,23000,22000,22000,22000,22000,22000,22000,16000,"	"8000,7500,7000,6500,6000,5500,4000,4000,4000,4000,"	"10000,10500,11000,14000,14000,"
A1ZT23GCNIEZKE	75000	20000	0	30000	17000	10000	"25600,23600,22000,25900,24300,26000,22000,25700,22000,25800,23300,23000,23500,22000,16000,24500,23800,22000,24000,22000,"	"15500,14000,15000,12000,14500,12000,12000,16000,12000,13500,"	"5000,4000,8000,4500,8000,"
 AUBC0HIVKBOTF	99999	2000	5000	50000	3000	5000	"26000,25900,25800,25700,25600,24500,24300,24000,23800,23600,23500,23300,23000,22000,22000,22000,22000,22000,22000,16000,"	"6000,6500,7000,7500,8000,8500,10000,10000,10000,10000,"	"9000,9500,10000,13000,13000,"
A29CPTGC7FNLTB	850000	30000	40000	39000	25000	20000	"26000,25900,25800,25700,25600,24500,24300,24000,23800,23600,23500,23300,23000,22000,22000,22000,22000,22000,22000,16000,"	"16000,15500,15000,14500,14000,13500,12000,12000,12000,12000,"	"16000,15500,15000,12000,12000,"
A3RZ9X81J6R2AR	10000	12000	9000	15000	7500	5000	"14400,16400,18000,14100,15700,14000,18000,14300,18000,14200,16700,17000,16500,18000,24000,15500,16200,18000,16000,18000,"	"7500,6000,7000,4000,6500,4000,4000,8000,4000,5500,"	"4000,5000,1000,4500,1000,"
 A1K2W5KR8TP0NC	99999	18000	10000	23000	12000	5000	"25600,23600,22000,25900,24300,26000,22000,25700,22000,25800,23300,23000,23500,22000,16000,24500,23800,22000,24000,22000,"	"13500,12000,13000,10000,12500,10000,10000,14000,10000,11500,"	"5000,6000,2000,5500,2000,"
A3IL3HGJW7K6Q1	85000	6000	7000	21000	12000	9000	"25600,23600,22000,25900,24300,26000,22000,25700,22000,25800,23300,23000,23500,22000,16000,24500,23800,22000,24000,22000,"	"10500,12000,11000,14000,11500,14000,14000,10000,14000,12500,"	"12000,11000,15000,11500,15000,"
kprabhaamazon@rediffmail.com	99999	75000	79600	90000	78900	16000	"25600,23600,22000,25900,24300,26000,22000,25700,22000,25800,23300,23000,23500,22000,16000,24500,23800,22000,24000,22000,"	"15500,14000,15000,12000,14500,12000,12000,16000,12000,13500,"	"15000,16000,12000,15500,12000,"
A30V1UH00MWJU5	18500	12000	9000	22400	8000	7000	"14100,12100,10500,14400,12800,14500,10500,14200,10500,14300,11800,11500,12000,10500,4500,13000,12300,10500,12500,10500,"	"7500,6000,7000,4000,6500,4000,4000,8000,4000,5500,"	"4000,5000,1000,4500,1000,"
A3I4NM85R4LN97	10000	2400	5500	12000	3000	5500	"14000,14100,14200,14300,14400,15500,15700,16000,16200,16400,16500,16700,17000,18000,18000,18000,18000,18000,18000,24000,"	"6400,6900,7400,7900,8400,8900,10400,10400,10400,10400,"	"9500,10000,10500,13500,13500,"
A2MI2AI5PM4GLK	75000	23000	20000	0	0	0	"26000,25900,25800,25700,25600,24500,24300,24000,23800,23600,23500,23300,23000,22000,22000,22000,22000,22000,22000,16000,"	"16000,15500,15000,14500,14000,13500,12000,12000,12000,12000,"	"16000,15500,15000,12000,12000,"
A28EMH5I7H3ZX4	70000	12000	7000	22000	8000	7500	"25600,23600,22000,25900,24300,26000,22000,25700,22000,25800,23300,23000,23500,22000,16000,24500,23800,22000,24000,22000,"	"7500,6000,7000,4000,6500,4000,4000,8000,4000,5500,"	"12000,11000,15000,11500,15000,"
A3TVDFJ22T1FFN	80000	35000	30000	26000	16000	16300	"25600,23600,22000,25900,24300,26000,22000,25700,22000,25800,23300,23000,23500,22000,16000,24500,23800,22000,24000,22000,"	"15500,14000,15000,12000,14500,12000,12000,16000,12000,13500,"	"15000,16000,12000,15500,12000,"
 A1P2EVJXWYR94M	120000	20000	17800	29867	17900	21000	"26000,25900,25800,25700,25600,24500,24300,24000,23800,23600,23500,23300,23000,22000,22000,22000,22000,22000,22000,16000,"	"16000,15500,15000,14500,14000,13500,12000,12000,12000,12000,"	"13800,13300,12800,9800,9800,"
A3DFCGAXJHV1P9	30000	16000	30000	24000	12000	18000	"26000,25900,25800,25700,25600,24500,24300,24000,23800,23600,23500,23300,23000,22000,22000,22000,22000,22000,22000,16000,"	"12000,11500,11000,10500,10000,9500,8000,8000,8000,8000,"	"16000,15500,15000,12000,12000,"
A3MRHNSA1YP7R0	1250000	29800	29500	24500	13500	14000	"25600,23600,22000,25900,24300,26000,22000,25700,22000,25800,23300,23000,23500,22000,16000,24500,23800,22000,24000,22000,"	"15500,14000,15000,12000,14500,12000,12000,16000,12000,13500,"	"15000,16000,12000,15500,12000,"
A31VJJG79G4TBQ	95000	21000	9500	25500	14500	5250	"26000,25900,25800,25700,25600,24500,24300,24000,23800,23600,23500,23300,23000,22000,22000,22000,22000,22000,22000,16000,"	"16000,15500,15000,14500,14000,13500,12000,12000,12000,12000,"	"5500,5000,4500,1500,1500,"
A2O5PN17VNYXI0	99999	40000	20000	22000	12000	12000	"25600,23600,22000,25900,24300,26000,22000,25700,22000,25800,23300,23000,23500,22000,16000,24500,23800,22000,24000,22000,"	"15500,14000,15000,12000,14500,12000,12000,16000,12000,13500,"	"15000,16000,12000,15500,12000,"
A2IHGIKDQAQJR0	100000	15000	15000	30000	15000	15000	"26000,25900,25800,25700,25600,24500,24300,24000,23800,23600,23500,23300,23000,22000,22000,22000,22000,22000,22000,16000,"	"11000,10500,10000,9500,9000,8500,7000,7000,7000,7000,"	"11000,10500,10000,7000,7000,"
A199PKW9OWJOQV	10000	5000	0	15000	5000	0	"14000,14100,14200,14300,14400,15500,15700,16000,16200,16400,16500,16700,17000,18000,18000,18000,18000,18000,18000,24000,"	"9000,9500,10000,10500,11000,11500,13000,13000,13000,13000,"	
A12EP4VS5X2WQP	99999	10000	40000	99999	5000	20000	"25600,23600,22000,25900,24300,26000,22000,25700,22000,25800,23300,23000,23500,22000,16000,24500,23800,22000,24000,22000,"	"5500,4000,5000,2000,4500,2000,2000,6000,2000,3500,"	"15000,16000,12000,15500,12000,"
AE66QQT2W0E1G	50000	40000	30000	50000	40000	30000	"25600,23600,22000,25900,24300,26000,22000,25700,22000,25800,23300,23000,23500,22000,16000,24500,23800,22000,24000,22000,"	"15500,14000,15000,12000,14500,12000,12000,16000,12000,13500,"	"15000,16000,12000,15500,12000,"
A30J7HHGC1FGY5	100000	30000	15000	30000	15000	12000	"25600,23600,22000,25900,24300,26000,22000,25700,22000,25800,23300,23000,23500,22000,16000,24500,23800,22000,24000,22000,"	"15500,14000,15000,12000,14500,12000,12000,16000,12000,13500,"	"10000,11000,7000,10500,7000,"
A1DRFDGG2KCOI2	99000	22000	20000	55000	18000	16000	"25600,23600,22000,25900,24300,26000,22000,25700,22000,25800,23300,23000,23500,22000,16000,24500,23800,22000,24000,22000,"	"15500,14000,15000,12000,14500,12000,12000,16000,12000,13500,"	"15000,16000,12000,15500,12000,"
A2QX30PEG8W87U	80000	5000	65000	24000	9000	13000	"25600,23600,22000,25900,24300,26000,22000,25700,22000,25800,23300,23000,23500,22000,16000,24500,23800,22000,24000,22000,"	"9500,11000,10000,13000,10500,13000,13000,9000,13000,11500,"	"15000,16000,12000,15500,12000,"
A2QYIIYOACAW9	99999	65000	25000	50000	75000	30000	"25600,23600,22000,25900,24300,26000,22000,25700,22000,25800,23300,23000,23500,22000,16000,24500,23800,22000,24000,22000,"	"15500,14000,15000,12000,14500,12000,12000,16000,12000,13500,"	"15000,16000,12000,15500,12000,"
A1SRI5PDX6WB9B	1000000	26000	20000	25000	20000	20000	"26000,25900,25800,25700,25600,24500,24300,24000,23800,23600,23500,23300,23000,22000,22000,22000,22000,22000,22000,16000,"	"16000,15500,15000,14500,14000,13500,12000,12000,12000,12000,"	"16000,15500,15000,12000,12000,"
A3N3K07MX8ZUOL 	5255	0	0	10788	0	0	"9255,9355,9455,9555,9655,10755,10955,11255,11455,11655,11755,11955,12255,13255,13255,13255,13255,13255,13255,19255,"		
A1WBNXHNLL5JFX	10000	10000	50000	18000	6000	15000	"14400,16400,18000,14100,15700,14000,18000,14300,18000,14200,16700,17000,16500,18000,24000,15500,16200,18000,16000,18000,"	"5500,4000,5000,2000,4500,2000,2000,6000,2000,3500,"	"15000,16000,12000,15500,12000,"
A1U2MCWQDHNTII	999999	90600	74500	55400	64600	25000	"25600,23600,22000,25900,24300,26000,22000,25700,22000,25800,23300,23000,23500,22000,16000,24500,23800,22000,24000,22000,"	"15500,14000,15000,12000,14500,12000,12000,16000,12000,13500,"	"15000,16000,12000,15500,12000,"
A2A0D1IO0Z4IR2 	5000	2000	3500	5000	2000	3500	"9400,11400,13000,9100,10700,9000,13000,9300,13000,9200,11700,12000,11500,13000,19000,10500,11200,13000,11000,13000,"	"6500,8000,7000,10000,7500,10000,10000,6000,10000,8500,"	"8500,7500,11500,8000,11500,"
A2JJKY9R3KG2I1	37845	12546	7656	32000	12345	7656	"25600,23600,22000,25900,24300,26000,22000,25700,22000,25800,23300,23000,23500,22000,16000,24500,23800,22000,24000,22000,"	"8046,6546,7546,4546,7046,4546,4546,8546,4546,6046,"	"12656,11656,15656,12156,15656,"
A2KDCANVN4H2EK	90000	70000	50000	95000	80000	0	"25600,23600,22000,25900,24300,26000,22000,25700,22000,25800,23300,23000,23500,22000,16000,24500,23800,22000,24000,22000,"	"15500,14000,15000,12000,14500,12000,12000,16000,12000,13500,"	"15000,16000,12000,15500,12000,"
A214IHLFLUI719 	10255	14555	12850	14555	12550	9550	"14255,14355,14455,14555,14655,15755,15955,16255,16455,16655,16755,16955,17255,18255,18255,18255,18255,18255,18255,24255,"	"10555,10055,9555,9055,8555,8055,6555,6555,6555,6555,"	"8850,8350,7850,4850,4850,"
ARX78WUC6UXWB	99999	899999	89999	99999	89999	89999	"25600,23600,22000,25900,24300,26000,22000,25700,22000,25800,23300,23000,23500,22000,16000,24500,23800,22000,24000,22000,"	"15500,14000,15000,12000,14500,12000,12000,16000,12000,13500,"	"15000,16000,12000,15500,12000,"
AZ7TTELADBFM6	96566	87000	67000	78000	59000	70000	"26000,25900,25800,25700,25600,24500,24300,24000,23800,23600,23500,23300,23000,22000,22000,22000,22000,22000,22000,16000,"	"16000,15500,15000,14500,14000,13500,12000,12000,12000,12000,"	"16000,15500,15000,12000,12000,"
A112V6HAH568DI	90000	30000	15000	75000	25000	12000	"26000,25900,25800,25700,25600,24500,24300,24000,23800,23600,23500,23300,23000,22000,22000,22000,22000,22000,22000,16000,"	"16000,15500,15000,14500,14000,13500,12000,12000,12000,12000,"	"11000,10500,10000,7000,7000,"
A3MSNKSYSOP75Z	56233	27580	18700	25900	14500	14200	"25600,23600,22000,25900,24300,26000,22000,25700,22000,25800,23300,23000,23500,22000,16000,24500,23800,22000,24000,22000,"	"15500,14000,15000,12000,14500,12000,12000,16000,12000,13500,"	"13700,14700,10700,14200,10700,"
A8SCDARA72QU5	99998	35000	20000	26000	20000	13500	"26000,25900,25800,25700,25600,24500,24300,24000,23800,23600,23500,23300,23000,22000,22000,22000,22000,22000,22000,16000,"	"16000,15500,15000,14500,14000,13500,12000,12000,12000,12000,"	"16000,15500,15000,12000,12000,"
A1V2L1BKMTNU46	6500	17800	75000	16000	0	15000	"10500,10600,10700,10800,10900,12000,12200,12500,12700,12900,13000,13200,13500,14500,14500,14500,14500,14500,14500,20500,"	"13800,13300,12800,12300,11800,11300,9800,9800,9800,9800,"	"16000,15500,15000,12000,12000,"
ALFBBRNBNW31B	7200	12000	12000	22000	12000	12000	"11600,13600,15200,11300,12900,11200,15200,11500,15200,11400,13900,14200,13700,15200,21200,12700,13400,15200,13200,15200,"	"7500,6000,7000,4000,6500,4000,4000,8000,4000,5500,"	"7000,8000,4000,7500,4000,"
A1YK5BEUKS3S1W	100000	10000	7500	25000	5000	15500	"26000,25900,25800,25700,25600,24500,24300,24000,23800,23600,23500,23300,23000,22000,22000,22000,22000,22000,22000,16000,"	"6000,5500,5000,4500,4000,3500,2000,2000,2000,2000,"	"11500,12000,12500,15500,15500,"
A997OZ3H2B3Q2	50000	16000	15400	30000	12000	11500	"25600,23600,22000,25900,24300,26000,22000,25700,22000,25800,23300,23000,23500,22000,16000,24500,23800,22000,24000,22000,"	"11500,10000,11000,8000,10500,8000,8000,12000,8000,9500,"	"10400,11400,7400,10900,7400,"
ATZ32H3UZ6747	75000	5000	15000	45000	7500	12000	"25600,23600,22000,25900,24300,26000,22000,25700,22000,25800,23300,23000,23500,22000,16000,24500,23800,22000,24000,22000,"	"9500,11000,10000,13000,10500,13000,13000,9000,13000,11500,"	"10000,11000,7000,10500,7000,"
A31RH56FZB0XFZ	99999	344535	345556	30788	45666	0	"25600,23600,22000,25900,24300,26000,22000,25700,22000,25800,23300,23000,23500,22000,16000,24500,23800,22000,24000,22000,"	"15500,14000,15000,12000,14500,12000,12000,16000,12000,13500,"	"15000,16000,12000,15500,12000,"
AMUC6OI4A2GY4	750000	0	0	0	0	0	"26000,25900,25800,25700,25600,24500,24300,24000,23800,23600,23500,23300,23000,22000,22000,22000,22000,22000,22000,16000,"		
A2DTTNGUXTEGHQ	60000	12000	0	25000	6000	0	"25600,23600,22000,25900,24300,26000,22000,25700,22000,25800,23300,23000,23500,22000,16000,24500,23800,22000,24000,22000,"	"7500,6000,7000,4000,6500,4000,4000,8000,4000,5500,"	
A14WLAP6TCEKO0	88000	17000	11000	24500	12000	9000	"25600,23600,22000,25900,24300,26000,22000,25700,22000,25800,23300,23000,23500,22000,16000,24500,23800,22000,24000,22000,"	"12500,11000,12000,9000,11500,9000,9000,13000,9000,10500,"	"6000,7000,3000,6500,3000,"
A14M8YXYPV1N1I	75000	20000	30000	50000	20000	28000	"26000,25900,25800,25700,25600,24500,24300,24000,23800,23600,23500,23300,23000,22000,22000,22000,22000,22000,22000,16000,"	"16000,15500,15000,14500,14000,13500,12000,12000,12000,12000,"	"16000,15500,15000,12000,12000,"
A7J4Y6FOPZ8YV	15000	6800	9800	12500	8000	8500	"10600,8600,7000,10900,9300,11000,7000,10700,7000,10800,8300,8000,8500,7000,1000,9500,8800,7000,9000,7000,"	"11300,12800,11800,14800,12300,14800,14800,10800,14800,13300,"	"4800,5800,1800,5300,1800,"
 A3HIIRTGJUJZ1D	80000	30000	20000	70000	25000	20000	"26000,25900,25800,25700,25600,24500,24300,24000,23800,23600,23500,23300,23000,22000,22000,22000,22000,22000,22000,16000,"	"16000,15500,15000,14500,14000,13500,12000,12000,12000,12000,"	"16000,15500,15000,12000,12000,"
ATIGCUKIPNWG0	2000	1500	5300	5640	4300	9800	"6400,8400,10000,6100,7700,6000,10000,6300,10000,6200,8700,9000,8500,10000,16000,7500,8200,10000,8000,10000,"	"6000,7500,6500,9500,7000,9500,9500,5500,9500,8000,"	"10300,9300,13300,9800,13300,"
AVQ23YRFWZKHH	85621	0	0	0	0	0	"25600,23600,22000,25900,24300,26000,22000,25700,22000,25800,23300,23000,23500,22000,16000,24500,23800,22000,24000,22000,"		
ABV489JL34WPR	99999	28000	15000	24000	28000	15000	"25600,23600,22000,25900,24300,26000,22000,25700,22000,25800,23300,23000,23500,22000,16000,24500,23800,22000,24000,22000,"	"15500,14000,15000,12000,14500,12000,12000,16000,12000,13500,"	"10000,11000,7000,10500,7000,"
A3FPQGM967TJER	99999	80000	90000	99999	80000	90000	"25600,23600,22000,25900,24300,26000,22000,25700,22000,25800,23300,23000,23500,22000,16000,24500,23800,22000,24000,22000,"	"15500,14000,15000,12000,14500,12000,12000,16000,12000,13500,"	"15000,16000,12000,15500,12000,"
A1XT59Y7H5AOQD	90000	25000	20000	90000	25000	20000	"26000,25900,25800,25700,25600,24500,24300,24000,23800,23600,23500,23300,23000,22000,22000,22000,22000,22000,22000,16000,"	"16000,15500,15000,14500,14000,13500,12000,12000,12000,12000,"	"16000,15500,15000,12000,12000,"
 A7SSVS8LZUOCU	100000	100000	18000	100000	16500	14000	"25600,23600,22000,25900,24300,26000,22000,25700,22000,25800,23300,23000,23500,22000,16000,24500,23800,22000,24000,22000,"	"15500,14000,15000,12000,14500,12000,12000,16000,12000,13500,"	"13000,14000,10000,13500,10000,"
A14VE969ZDUNPO	25000	23000	18000	20800	16000	14000	"21000,20900,20800,20700,20600,19500,19300,19000,18800,18600,18500,18300,18000,17000,17000,17000,17000,17000,17000,11000,"	"16000,15500,15000,14500,14000,13500,12000,12000,12000,12000,"	"14000,13500,13000,10000,10000,"
 A18IDQ6DKR1KFN	99998	23000	1300	30400	15550	5600	"26000,25900,25800,25700,25600,24500,24300,24000,23800,23600,23500,23300,23000,22000,22000,22000,22000,22000,22000,16000,"	"16000,15500,15000,14500,14000,13500,12000,12000,12000,12000,"	"5300,5800,6300,9300,9300,"
A1E9VI5RSZI31F	100000	30000	25000	45000	20000	18000	"25600,23600,22000,25900,24300,26000,22000,25700,22000,25800,23300,23000,23500,22000,16000,24500,23800,22000,24000,22000,"	"15500,14000,15000,12000,14500,12000,12000,16000,12000,13500,"	"15000,16000,12000,15500,12000,"
A25HZYQWMU6HQ0	100000	90000	95000	100000	90000	95000	"25600,23600,22000,25900,24300,26000,22000,25700,22000,25800,23300,23000,23500,22000,16000,24500,23800,22000,24000,22000,"	"15500,14000,15000,12000,14500,12000,12000,16000,12000,13500,"	"15000,16000,12000,15500,12000,"
A3DN99QMIS1RJ5	100000	25000	35000	26500	17000	17000	"26000,25900,25800,25700,25600,24500,24300,24000,23800,23600,23500,23300,23000,22000,22000,22000,22000,22000,22000,16000,"	"16000,15500,15000,14500,14000,13500,12000,12000,12000,12000,"	"16000,15500,15000,12000,12000,"
A3FW9NWR6TJ4M9	99999	68900	74000	0	65000	65000	"25600,23600,22000,25900,24300,26000,22000,25700,22000,25800,23300,23000,23500,22000,16000,24500,23800,22000,24000,22000,"	"15500,14000,15000,12000,14500,12000,12000,16000,12000,13500,"	"15000,16000,12000,15500,12000,"
ATUCF2V185DKU	100000	50000	50000	100000	50000	50000	"25600,23600,22000,25900,24300,26000,22000,25700,22000,25800,23300,23000,23500,22000,16000,24500,23800,22000,24000,22000,"	"15500,14000,15000,12000,14500,12000,12000,16000,12000,13500,"	"15000,16000,12000,15500,12000,"
A2XS49LRNX8PD4	22000	1500	2655	20000	1500	3000	"18000,17900,17800,17700,17600,16500,16300,16000,15800,15600,15500,15300,15000,14000,14000,14000,14000,14000,14000,8000,"	"5500,6000,6500,7000,7500,8000,9500,9500,9500,9500,"	"6655,7155,7655,10655,10655,"
A1JQZ746LWLAE0	85000	27500	25000	30000	15300	17000	"26000,25900,25800,25700,25600,24500,24300,24000,23800,23600,23500,23300,23000,22000,22000,22000,22000,22000,22000,16000,"	"16000,15500,15000,14500,14000,13500,12000,12000,12000,12000,"	"16000,15500,15000,12000,12000,"
A12K1TVLD2BCZV	20000	0	0	0	0	0	"16000,15900,15800,15700,15600,14500,14300,14000,13800,13600,13500,13300,13000,12000,12000,12000,12000,12000,12000,6000,"		
A1ISSK6LGPKUKC	60000	4000	6000	25000	5000	7000	"26000,25900,25800,25700,25600,24500,24300,24000,23800,23600,23500,23300,23000,22000,22000,22000,22000,22000,22000,16000,"	"8000,8500,9000,9500,10000,10500,12000,12000,12000,12000,"	"10000,10500,11000,14000,14000,"
ABH6XWQSIA9HD	60000	12000	16000	28000	9000	15000	"25600,23600,22000,25900,24300,26000,22000,25700,22000,25800,23300,23000,23500,22000,16000,24500,23800,22000,24000,22000,"	"7500,6000,7000,4000,6500,4000,4000,8000,4000,5500,"	"11000,12000,8000,11500,8000,"
A1IYDNO6Q2U1OR	99998	58500	48654	32000	18540	15895	"26000,25900,25800,25700,25600,24500,24300,24000,23800,23600,23500,23300,23000,22000,22000,22000,22000,22000,22000,16000,"	"16000,15500,15000,14500,14000,13500,12000,12000,12000,12000,"	"16000,15500,15000,12000,12000,"
AY4XQLY102J8M	98500	58500	35000	26500	15420	18000	"25600,23600,22000,25900,24300,26000,22000,25700,22000,25800,23300,23000,23500,22000,16000,24500,23800,22000,24000,22000,"	"15500,14000,15000,12000,14500,12000,12000,16000,12000,13500,"	"15000,16000,12000,15500,12000,"
APJP26EXKPSE2	100020	0	0	0	0	0	"26000,25900,25800,25700,25600,24500,24300,24000,23800,23600,23500,23300,23000,22000,22000,22000,22000,22000,22000,16000,"		
A3Q2XBURXQ8RJS	3000	2000	5000	9000	4000	7000	"7000,7100,7200,7300,7400,8500,8700,9000,9200,9400,9500,9700,10000,11000,11000,11000,11000,11000,11000,17000,"	"6000,6500,7000,7500,8000,8500,10000,10000,10000,10000,"	"9000,9500,10000,13000,13000,"
A1U3KTAUMV7QKT	18000	800	1600	18000	800	1600	"13600,11600,10000,13900,12300,14000,10000,13700,10000,13800,11300,11000,11500,10000,4000,12500,11800,10000,12000,10000,"	"5300,6800,5800,8800,6300,8800,8800,4800,8800,7300,"	"6600,5600,9600,6100,9600,"
 A1BS2DU3JS250T	876452	23500	20000	27000	13500	18000	"26000,25900,25800,25700,25600,24500,24300,24000,23800,23600,23500,23300,23000,22000,22000,22000,22000,22000,22000,16000,"	"16000,15500,15000,14500,14000,13500,12000,12000,12000,12000,"	"16000,15500,15000,12000,12000,"
A2RPII0OB1PREU	55000	10000	1500	30000	7000	4000	"26000,25900,25800,25700,25600,24500,24300,24000,23800,23600,23500,23300,23000,22000,22000,22000,22000,22000,22000,16000,"	"6000,5500,5000,4500,4000,3500,2000,2000,2000,2000,"	"5500,6000,6500,9500,9500,"
QIGXBKWIPO	60000	20000	10000	25700	13500	6000	"26000,25900,25800,25700,25600,24500,24300,24000,23800,23600,23500,23300,23000,22000,22000,22000,22000,22000,22000,16000,"	"16000,15500,15000,14500,14000,13500,12000,12000,12000,12000,"	"6000,5500,5000,2000,2000,"
AV6GLPL2GP02	3200	1800	1000	3200	1800	1000	"7600,9600,11200,7300,8900,7200,11200,7500,11200,7400,9900,10200,9700,11200,17200,8700,9400,11200,9200,11200,"	"6300,7800,6800,9800,7300,9800,9800,5800,9800,8300,"	"6000,5000,9000,5500,9000,"
A14HW8I4RYHNC4	35000	8000	13000	24000	8000	10000	"26000,25900,25800,25700,25600,24500,24300,24000,23800,23600,23500,23300,23000,22000,22000,22000,22000,22000,22000,16000,"	"12000,12500,13000,13500,14000,14500,16000,16000,16000,16000,"	"9000,8500,8000,5000,5000,"
A2DCLU4B46AB1U	99999	20000	20000	27000	20000	20000	"26000,25900,25800,25700,25600,24500,24300,24000,23800,23600,23500,23300,23000,22000,22000,22000,22000,22000,22000,16000,"	"16000,15500,15000,14500,14000,13500,12000,12000,12000,12000,"	"16000,15500,15000,12000,12000,"
A3V7PZKF0VJS4R	98999	25000	20000	98999	15000	14500	"26000,25900,25800,25700,25600,24500,24300,24000,23800,23600,23500,23300,23000,22000,22000,22000,22000,22000,22000,16000,"	"16000,15500,15000,14500,14000,13500,12000,12000,12000,12000,"	"16000,15500,15000,12000,12000,"
 A272IOADALQHWV	99999	0	0	0	0	0	"26000,25900,25800,25700,25600,24500,24300,24000,23800,23600,23500,23300,23000,22000,22000,22000,22000,22000,22000,16000,"		
A2JBJFPFG38X9C	50000	3200	2800	32000	3200	2800	"25600,23600,22000,25900,24300,26000,22000,25700,22000,25800,23300,23000,23500,22000,16000,24500,23800,22000,24000,22000,"	"7700,9200,8200,11200,8700,11200,11200,7200,11200,9700,"	"7800,6800,10800,7300,10800,"
A1ANSIDQ1R2JFC	12000	8000	3500	12000	8000	3500	"16400,18400,20000,16100,17700,16000,20000,16300,20000,16200,18700,19000,18500,20000,26000,17500,18200,20000,18000,20000,"	"12500,14000,13000,16000,13500,16000,16000,12000,16000,14500,"	"8500,7500,11500,8000,11500,"
A1H0GRRT8J059	20000	1000	1000	20000	1000	1000	"15600,13600,12000,15900,14300,16000,12000,15700,12000,15800,13300,13000,13500,12000,6000,14500,13800,12000,14000,12000,"	"5500,7000,6000,9000,6500,9000,9000,5000,9000,7500,"	"6000,5000,9000,5500,9000,"
 A12L49XOTAS4H8	87897	32500	14500	24600	14500	10000	"26000,25900,25800,25700,25600,24500,24300,24000,23800,23600,23500,23300,23000,22000,22000,22000,22000,22000,22000,16000,"	"16000,15500,15000,14500,14000,13500,12000,12000,12000,12000,"	"10500,10000,9500,6500,6500,"
AGWH82NB1FO3B	90000	70000	85000	95000	75000	90000	"26000,25900,25800,25700,25600,24500,24300,24000,23800,23600,23500,23300,23000,22000,22000,22000,22000,22000,22000,16000,"	"16000,15500,15000,14500,14000,13500,12000,12000,12000,12000,"	"16000,15500,15000,12000,12000,"
AMSD0JV1W7V9F	5000	5500	5500	8500	6500	6000	"9000,9100,9200,9300,9400,10500,10700,11000,11200,11400,11500,11700,12000,13000,13000,13000,13000,13000,13000,19000,"	"9500,10000,10500,11000,11500,12000,13500,13500,13500,13500,"	"9500,10000,10500,13500,13500,"
A729PCWE118T1	5000	15000	10000	10000	10000	5000	"9000,9100,9200,9300,9400,10500,10700,11000,11200,11400,11500,11700,12000,13000,13000,13000,13000,13000,13000,19000,"	"11000,10500,10000,9500,9000,8500,7000,7000,7000,7000,"	"6000,5500,5000,2000,2000,"
AHOA0NDN9TK2W	50000	20000	30000	25000	15000	20000	"26000,25900,25800,25700,25600,24500,24300,24000,23800,23600,23500,23300,23000,22000,22000,22000,22000,22000,22000,16000,"	"16000,15500,15000,14500,14000,13500,12000,12000,12000,12000,"	"16000,15500,15000,12000,12000,"
A3J83K797QJ6QO	55000	21050	13775	19750	9775	7250	"26000,25900,25800,25700,25600,24500,24300,24000,23800,23600,23500,23300,23000,22000,22000,22000,22000,22000,22000,16000,"	"16000,15500,15000,14500,14000,13500,12000,12000,12000,12000,"	"9775,9275,8775,5775,5775,"
A3H0YTHZEHMW39	60000	5000	0	25000	8500	0	"25600,23600,22000,25900,24300,26000,22000,25700,22000,25800,23300,23000,23500,22000,16000,24500,23800,22000,24000,22000,"	"9500,11000,10000,13000,10500,13000,13000,9000,13000,11500,"	
A1R8URO4FZGB0Q	100000	100000	100000	100000	100000	100000	"25600,23600,22000,25900,24300,26000,22000,25700,22000,25800,23300,23000,23500,22000,16000,24500,23800,22000,24000,22000,"	"15500,14000,15000,12000,14500,12000,12000,16000,12000,13500,"	"15000,16000,12000,15500,12000,"
A2HI1IEIQT6EC	10000	15000	12000	14000	11000	8000	"14000,14100,14200,14300,14400,15500,15700,16000,16200,16400,16500,16700,17000,18000,18000,18000,18000,18000,18000,24000,"	"11000,10500,10000,9500,9000,8500,7000,7000,7000,7000,"	"8000,7500,7000,4000,4000,"
AVRW2T2MJFGQ0	50000	14000	7000	26000	7000	12000	"26000,25900,25800,25700,25600,24500,24300,24000,23800,23600,23500,23300,23000,22000,22000,22000,22000,22000,22000,16000,"	"10000,9500,9000,8500,8000,7500,6000,6000,6000,6000,"	"11000,11500,12000,15000,15000,"
A100OV9D1OY7NI	99999	22800	12900	25900	15000	8400	"25600,23600,22000,25900,24300,26000,22000,25700,22000,25800,23300,23000,23500,22000,16000,24500,23800,22000,24000,22000,"	"15500,14000,15000,12000,14500,12000,12000,16000,12000,13500,"	"7900,8900,4900,8400,4900,"
A1WL7S1G00PUDX	9500	3500	7000	14000	6500	12500	"13900,15900,17500,13600,15200,13500,17500,13800,17500,13700,16200,16500,16000,17500,23500,15000,15700,17500,15500,17500,"	"8000,9500,8500,11500,9000,11500,11500,7500,11500,10000,"	"12000,11000,15000,11500,15000,"
AWFY894OEXIJ4	100000	50000	10000	100000	50000	4000	"25600,23600,22000,25900,24300,26000,22000,25700,22000,25800,23300,23000,23500,22000,16000,24500,23800,22000,24000,22000,"	"15500,14000,15000,12000,14500,12000,12000,16000,12000,13500,"	"5000,6000,2000,5500,2000,"
A1REA0KEB5BAF5	150000	0	0	0	0	0	"25600,23600,22000,25900,24300,26000,22000,25700,22000,25800,23300,23000,23500,22000,16000,24500,23800,22000,24000,22000,"		
 A21AVVEQUEX7DA	99999	24000	20000	26500	18000	16500	"25600,23600,22000,25900,24300,26000,22000,25700,22000,25800,23300,23000,23500,22000,16000,24500,23800,22000,24000,22000,"	"15500,14000,15000,12000,14500,12000,12000,16000,12000,13500,"	"15000,16000,12000,15500,12000,"
A1T9DFT0XOO3V5	99999	32450	32000	23450	12400	14500	"25600,23600,22000,25900,24300,26000,22000,25700,22000,25800,23300,23000,23500,22000,16000,24500,23800,22000,24000,22000,"	"15500,14000,15000,12000,14500,12000,12000,16000,12000,13500,"	"15000,16000,12000,15500,12000,"
A18T7E73TNGOKP	100000	15000	15000	29000	9000	12000	"26000,25900,25800,25700,25600,24500,24300,24000,23800,23600,23500,23300,23000,22000,22000,22000,22000,22000,22000,16000,"	"11000,10500,10000,9500,9000,8500,7000,7000,7000,7000,"	"11000,10500,10000,7000,7000,"
A2SGOEOZIT7UIU	40000	25000	25000	40000	25000	25000	"25600,23600,22000,25900,24300,26000,22000,25700,22000,25800,23300,23000,23500,22000,16000,24500,23800,22000,24000,22000,"	"15500,14000,15000,12000,14500,12000,12000,16000,12000,13500,"	"15000,16000,12000,15500,12000,"
A2GGYZG10TWE6V	10000	3600	8000	15000	4000	10000	"14400,16400,18000,14100,15700,14000,18000,14300,18000,14200,16700,17000,16500,18000,24000,15500,16200,18000,16000,18000,"	"8100,9600,8600,11600,9100,11600,11600,7600,11600,10100,"	"13000,12000,16000,12500,16000,"
A2JPVJSFVU89GH	99999	55443	24000	24500	13500	15500	"26000,25900,25800,25700,25600,24500,24300,24000,23800,23600,23500,23300,23000,22000,22000,22000,22000,22000,22000,16000,"	"16000,15500,15000,14500,14000,13500,12000,12000,12000,12000,"	"16000,15500,15000,12000,12000,"
a689hoeq6t5p6	1	8001	7000	6001	14501	15000	"4401,6401,8001,4101,5701,4001,8001,4301,8001,4201,6701,7001,6501,8001,14001,5501,6201,8001,6001,8001,"	"12501,14001,13001,16001,13501,16001,16001,12001,16001,14501,"	"12000,11000,15000,11500,15000,"
A164RBTU9AO3G7	5000	20000	16000	10000	15000	13000	"9000,9100,9200,9300,9400,10500,10700,11000,11200,11400,11500,11700,12000,13000,13000,13000,13000,13000,13000,19000,"	"16000,15500,15000,14500,14000,13500,12000,12000,12000,12000,"	"12000,11500,11000,8000,8000,"
A3QP3LRCVC20M0	8599	15448	6558	16599	7448	14558	"12599,12699,12799,12899,12999,14099,14299,14599,14799,14999,15099,15299,15599,16599,16599,16599,16599,16599,16599,22599,"	"11448,10948,10448,9948,9448,8948,7448,7448,7448,7448,"	"10558,11058,11558,14558,14558,"
A3RYH6OUH7BJ4Z	25000	3000	10000	25000	6000	8000	"21000,20900,20800,20700,20600,19500,19300,19000,18800,18600,18500,18300,18000,17000,17000,17000,17000,17000,17000,11000,"	"7000,7500,8000,8500,9000,9500,11000,11000,11000,11000,"	"6000,5500,5000,2000,2000,"
A1DNPYZKVJ05O9	9000	15000	9000	20000	9000	4500	"13400,15400,17000,13100,14700,13000,17000,13300,17000,13200,15700,16000,15500,17000,23000,14500,15200,17000,15000,17000,"	"10500,9000,10000,7000,9500,7000,7000,11000,7000,8500,"	"4000,5000,1000,4500,1000,"
A2YYF3CH4JMC24	3500	2000	2300	3800	2300	2500	"7900,9900,11500,7600,9200,7500,11500,7800,11500,7700,10200,10500,10000,11500,17500,9000,9700,11500,9500,11500,"	"6500,8000,7000,10000,7500,10000,10000,6000,10000,8500,"	"7300,6300,10300,6800,10300,"
A3T9NC9V3VL9RD	30000	40000	17000	24000	14500	10000	"26000,25900,25800,25700,25600,24500,24300,24000,23800,23600,23500,23300,23000,22000,22000,22000,22000,22000,22000,16000,"	"16000,15500,15000,14500,14000,13500,12000,12000,12000,12000,"	"13000,12500,12000,9000,9000,"
A3GH7IV4Q9SBSB	858001	12482	65007	24952	8750	14528	"25600,23600,22000,25900,24300,26000,22000,25700,22000,25800,23300,23000,23500,22000,16000,24500,23800,22000,24000,22000,"	"7982,6482,7482,4482,6982,4482,4482,8482,4482,5982,"	"15000,16000,12000,15500,12000,"
A14PFRHG0A2YY9 	100000	50000	25000	100000	50000	25000	"26000,25900,25800,25700,25600,24500,24300,24000,23800,23600,23500,23300,23000,22000,22000,22000,22000,22000,22000,16000,"	"16000,15500,15000,14500,14000,13500,12000,12000,12000,12000,"	"16000,15500,15000,12000,12000,"
A37M4OVE9R80G	99999	20000	20000	30000	20000	20000	"26000,25900,25800,25700,25600,24500,24300,24000,23800,23600,23500,23300,23000,22000,22000,22000,22000,22000,22000,16000,"	"16000,15500,15000,14500,14000,13500,12000,12000,12000,12000,"	"16000,15500,15000,12000,12000,"
ASNMT3I94HZ44	826893	310568	26800	24000	20000	20000	"25600,23600,22000,25900,24300,26000,22000,25700,22000,25800,23300,23000,23500,22000,16000,24500,23800,22000,24000,22000,"	"15500,14000,15000,12000,14500,12000,12000,16000,12000,13500,"	"15000,16000,12000,15500,12000,"
AGFRHKDMLZ1K8	950	0	0	0	0	0	"5350,7350,8950,5050,6650,4950,8950,5250,8950,5150,7650,7950,7450,8950,14950,6450,7150,8950,6950,8950,"		
A3FGJQZAB81TXE	100000	100000	0	100000	100000	100000	"25600,23600,22000,25900,24300,26000,22000,25700,22000,25800,23300,23000,23500,22000,16000,24500,23800,22000,24000,22000,"	"15500,14000,15000,12000,14500,12000,12000,16000,12000,13500,"	"5000,4000,8000,4500,8000,"
A1AVR3F8WMU46A	2500	5100	11000	7500	9000	6700	"6500,6600,6700,6800,6900,8000,8200,8500,8700,8900,9000,9200,9500,10500,10500,10500,10500,10500,10500,16500,"	"9100,9600,10100,10600,11100,11600,13100,13100,13100,13100,"	"7000,6500,6000,3000,3000,"
AJTLLYV805FQU	500000	30000	26000	30000	30000	26000	"26000,25900,25800,25700,25600,24500,24300,24000,23800,23600,23500,23300,23000,22000,22000,22000,22000,22000,22000,16000,"	"16000,15500,15000,14500,14000,13500,12000,12000,12000,12000,"	"16000,15500,15000,12000,12000,"
A2V68RNQVUAY70	10000	50000	30000	18000	15000	33000	"14000,14100,14200,14300,14400,15500,15700,16000,16200,16400,16500,16700,17000,18000,18000,18000,18000,18000,18000,24000,"	"16000,15500,15000,14500,14000,13500,12000,12000,12000,12000,"	"16000,15500,15000,12000,12000,"
A7PB60G6KSE88	60000	3900	10500	27000	5200	9500	"26000,25900,25800,25700,25600,24500,24300,24000,23800,23600,23500,23300,23000,22000,22000,22000,22000,22000,22000,16000,"	"7900,8400,8900,9400,9900,10400,11900,11900,11900,11900,"	"6500,6000,5500,2500,2500,"
A2L0AHQ78ET229	100000	29000	16500	25800	16000	125000	"25600,23600,22000,25900,24300,26000,22000,25700,22000,25800,23300,23000,23500,22000,16000,24500,23800,22000,24000,22000,"	"15500,14000,15000,12000,14500,12000,12000,16000,12000,13500,"	"11500,12500,8500,12000,8500,"
A1CSPZ1GAXLHJP	70000	30000	16000	24000	13500	10000	"26000,25900,25800,25700,25600,24500,24300,24000,23800,23600,23500,23300,23000,22000,22000,22000,22000,22000,22000,16000,"	"16000,15500,15000,14500,14000,13500,12000,12000,12000,12000,"	"12000,11500,11000,8000,8000,"
A3P9BBIGUZ53BX	25000	18000	9000	23000	15500	6000	"21000,20900,20800,20700,20600,19500,19300,19000,18800,18600,18500,18300,18000,17000,17000,17000,17000,17000,17000,11000,"	"14000,13500,13000,12500,12000,11500,10000,10000,10000,10000,"	"5000,4500,4000,1000,1000,"
A2G80RMTUEF8FB	90000	18520	18765	25675	11111	12345	"25600,23600,22000,25900,24300,26000,22000,25700,22000,25800,23300,23000,23500,22000,16000,24500,23800,22000,24000,22000,"	"14020,12520,13520,10520,13020,10520,10520,14520,10520,12020,"	"13765,14765,10765,14265,10765,"
A1WNHGZ8S46T3C	7200	1100	1800	7200	1100	1800	"11600,13600,15200,11300,12900,11200,15200,11500,15200,11400,13900,14200,13700,15200,21200,12700,13400,15200,13200,15200,"	"5600,7100,6100,9100,6600,9100,9100,5100,9100,7600,"	"6800,5800,9800,6300,9800,"
A1OSFZ2L6UVKIS	25000	17000	10000	25000	15000	7000	"21000,20900,20800,20700,20600,19500,19300,19000,18800,18600,18500,18300,18000,17000,17000,17000,17000,17000,17000,11000,"	"13000,12500,12000,11500,11000,10500,9000,9000,9000,9000,"	"6000,5500,5000,2000,2000,"
 AMHZ8D856PO3F 	24000	0	0	23000	0	0	"20000,19900,19800,19700,19600,18500,18300,18000,17800,17600,17500,17300,17000,16000,16000,16000,16000,16000,16000,10000,"		
A1U8SKGOLPX25O	20000	5000	7000	20000	7000	9000	"16000,15900,15800,15700,15600,14500,14300,14000,13800,13600,13500,13300,13000,12000,12000,12000,12000,12000,12000,6000,"	"9000,9500,10000,10500,11000,11500,13000,13000,13000,13000,"	"11000,11500,12000,15000,15000,"
A2U6RU3NL5CGH7	64119	2165	2316	64119	2165	2316	"26000,25900,25800,25700,25600,24500,24300,24000,23800,23600,23500,23300,23000,22000,22000,22000,22000,22000,22000,16000,"	"6165,6665,7165,7665,8165,8665,10165,10165,10165,10165,"	"6316,6816,7316,10316,10316,"
A528GXPSFYJ6F	100000	100000	100000	100000	100000	100000	"26000,25900,25800,25700,25600,24500,24300,24000,23800,23600,23500,23300,23000,22000,22000,22000,22000,22000,22000,16000,"	"16000,15500,15000,14500,14000,13500,12000,12000,12000,12000,"	"16000,15500,15000,12000,12000,"
A2UD6YLEN1BU8M	95000	24000	12000	25000	150000	8000	"26000,25900,25800,25700,25600,24500,24300,24000,23800,23600,23500,23300,23000,22000,22000,22000,22000,22000,22000,16000,"	"16000,15500,15000,14500,14000,13500,12000,12000,12000,12000,"	"8000,7500,7000,4000,4000,"
A1ADAXLAVGVP0A	30000	5000	10000	25000	9000	7000	"25600,23600,22000,25900,24300,26000,22000,25700,22000,25800,23300,23000,23500,22000,16000,24500,23800,22000,24000,22000,"	"9500,11000,10000,13000,10500,13000,13000,9000,13000,11500,"	"5000,6000,2000,5500,2000,"
A3VLWJYR99R66D	25000	12000	5000	20000	7200	12000	"20600,18600,17000,20900,19300,21000,17000,20700,17000,20800,18300,18000,18500,17000,11000,19500,18800,17000,19000,17000,"	"7500,6000,7000,4000,6500,4000,4000,8000,4000,5500,"	"10000,9000,13000,9500,13000,"
AHLVAVDNE9WI0	50000	50000	55000	25600	15550	2000	"25600,23600,22000,25900,24300,26000,22000,25700,22000,25800,23300,23000,23500,22000,16000,24500,23800,22000,24000,22000,"	"15500,14000,15000,12000,14500,12000,12000,16000,12000,13500,"	"15000,16000,12000,15500,12000,"
A2BG6O1B5B3F78	60000	74000	25400	243000	14500	16532	"26000,25900,25800,25700,25600,24500,24300,24000,23800,23600,23500,23300,23000,22000,22000,22000,22000,22000,22000,16000,"	"16000,15500,15000,14500,14000,13500,12000,12000,12000,12000,"	"16000,15500,15000,12000,12000,"
A3BZY4FZNEZ4LW	1500	1300	2000	5500	5300	6000	"5900,7900,9500,5600,7200,5500,9500,5800,9500,5700,8200,8500,8000,9500,15500,7000,7700,9500,7500,9500,"	"5800,7300,6300,9300,6800,9300,9300,5300,9300,7800,"	"7000,6000,10000,6500,10000,"
ASJ5CAB6QLT4M	87563	12500	15000	88000	12000	15500	"26000,25900,25800,25700,25600,24500,24300,24000,23800,23600,23500,23300,23000,22000,22000,22000,22000,22000,22000,16000,"	"8500,8000,7500,7000,6500,6000,4500,4500,4500,4500,"	"11000,10500,10000,7000,7000,"
A2D3TM156X7Y61	60000	2000	8000	20000	5000	10000	"25600,23600,22000,25900,24300,26000,22000,25700,22000,25800,23300,23000,23500,22000,16000,24500,23800,22000,24000,22000,"	"6500,8000,7000,10000,7500,10000,10000,6000,10000,8500,"	"13000,12000,16000,12500,16000,"
A1WK3QVIJZXKKQ	90000	10000	15000	75000	7500	10000	"25600,23600,22000,25900,24300,26000,22000,25700,22000,25800,23300,23000,23500,22000,16000,24500,23800,22000,24000,22000,"	"5500,4000,5000,2000,4500,2000,2000,6000,2000,3500,"	"10000,11000,7000,10500,7000,"
AN3TSG9DHV2FB	90000	20000	15200	22000	20000	15200	"25600,23600,22000,25900,24300,26000,22000,25700,22000,25800,23300,23000,23500,22000,16000,24500,23800,22000,24000,22000,"	"15500,14000,15000,12000,14500,12000,12000,16000,12000,13500,"	"10200,11200,7200,10700,7200,"
asdcghjmnkjk45	10000	0	0	10000	0	0	"14000,14100,14200,14300,14400,15500,15700,16000,16200,16400,16500,16700,17000,18000,18000,18000,18000,18000,18000,24000,"		
A2MC1V5FI2MESG	60500	11050	8350	35300	8500	9400	"26000,25900,25800,25700,25600,24500,24300,24000,23800,23600,23500,23300,23000,22000,22000,22000,22000,22000,22000,16000,"	"7050,6550,6050,5550,5050,4550,3050,3050,3050,3050,"	"12350,12850,13350,16350,16350,"
ASY5AZCZEM04L	75000	33000	23000	27000	15000	15000	"26000,25900,25800,25700,25600,24500,24300,24000,23800,23600,23500,23300,23000,22000,22000,22000,22000,22000,22000,16000,"	"16000,15500,15000,14500,14000,13500,12000,12000,12000,12000,"	"16000,15500,15000,12000,12000,"
A1EKGAXJ093V9	100000	3000	3900	55000	3200	3900	"26000,25900,25800,25700,25600,24500,24300,24000,23800,23600,23500,23300,23000,22000,22000,22000,22000,22000,22000,16000,"	"7000,7500,8000,8500,9000,9500,11000,11000,11000,11000,"	"7900,8400,8900,11900,11900,"
A22FYEGZ5QLW37	79000	21300	42000	38200	16000	19500	"26000,25900,25800,25700,25600,24500,24300,24000,23800,23600,23500,23300,23000,22000,22000,22000,22000,22000,22000,16000,"	"16000,15500,15000,14500,14000,13500,12000,12000,12000,12000,"	"16000,15500,15000,12000,12000,"
A3W0NHITWBDR5I	80000	5000	5000	80000	5000	5000	"26000,25900,25800,25700,25600,24500,24300,24000,23800,23600,23500,23300,23000,22000,22000,22000,22000,22000,22000,16000,"	"9000,9500,10000,10500,11000,11500,13000,13000,13000,13000,"	"9000,9500,10000,13000,13000,"
A3AFBB2C95A05D	8500	2500	10000	10500	7000	4000	"12500,12600,12700,12800,12900,14000,14200,14500,14700,14900,15000,15200,15500,16500,16500,16500,16500,16500,16500,22500,"	"6500,7000,7500,8000,8500,9000,10500,10500,10500,10500,"	"6000,5500,5000,2000,2000,"
 A3Z8J9G2CIQ0U	80386	9800	10000	25200	9800	10000	"25600,23600,22000,25900,24300,26000,22000,25700,22000,25800,23300,23000,23500,22000,16000,24500,23800,22000,24000,22000,"	"5300,3800,4800,1800,4300,1800,1800,5800,1800,3300,"	"5000,6000,2000,5500,2000,"
 A3766BCZSVI0EI	7000	14000	14500	54000	14000	14500	"11400,13400,15000,11100,12700,11000,15000,11300,15000,11200,13700,14000,13500,15000,21000,12500,13200,15000,13000,15000,"	"9500,8000,9000,6000,8500,6000,6000,10000,6000,7500,"	"9500,10500,6500,10000,6500,"
A1SJHSLV0GLIIO	999	8450	34500	9999	23512	34000	"5399,7399,8999,5099,6699,4999,8999,5299,8999,5199,7699,7999,7499,8999,14999,6499,7199,8999,6999,8999,"	"12950,14450,13450,16450,13950,16450,16450,12450,16450,14950,"	"15000,16000,12000,15500,12000,"
AJEYVMEV87SGN	75000	49000	75000	29000	50000	25000	"26000,25900,25800,25700,25600,24500,24300,24000,23800,23600,23500,23300,23000,22000,22000,22000,22000,22000,22000,16000,"	"16000,15500,15000,14500,14000,13500,12000,12000,12000,12000,"	"16000,15500,15000,12000,12000,"
A1ZCXRJZ9Z8VJW	85789	23500	10500	25100	15000	6050	"25600,23600,22000,25900,24300,26000,22000,25700,22000,25800,23300,23000,23500,22000,16000,24500,23800,22000,24000,22000,"	"15500,14000,15000,12000,14500,12000,12000,16000,12000,13500,"	"5500,6500,2500,6000,2500,"
A1IK1JPSPHDYOW	45000	28000	34000	35000	20000	30000	"26000,25900,25800,25700,25600,24500,24300,24000,23800,23600,23500,23300,23000,22000,22000,22000,22000,22000,22000,16000,"	"16000,15500,15000,14500,14000,13500,12000,12000,12000,12000,"	"16000,15500,15000,12000,12000,"
A51JNWPWCSLET	10000	8000	8000	11000	8000	8000	"14000,14100,14200,14300,14400,15500,15700,16000,16200,16400,16500,16700,17000,18000,18000,18000,18000,18000,18000,24000,"	"12000,12500,13000,13500,14000,14500,16000,16000,16000,16000,"	"12000,12500,13000,16000,16000,"
A2CWBA5KCB6BUB	70000	10000	7000	30000	7000	10000	"25600,23600,22000,25900,24300,26000,22000,25700,22000,25800,23300,23000,23500,22000,16000,24500,23800,22000,24000,22000,"	"5500,4000,5000,2000,4500,2000,2000,6000,2000,3500,"	"12000,11000,15000,11500,15000,"
A1VU0K4OKKF1G3 	7000	6000	6500	13000	1200	11000	"11000,11100,11200,11300,11400,12500,12700,13000,13200,13400,13500,13700,14000,15000,15000,15000,15000,15000,15000,21000,"	"10000,10500,11000,11500,12000,12500,14000,14000,14000,14000,"	"10500,11000,11500,14500,14500,"
A202FBLB25LZC8	75000	25000	30000	75000	25000	30000	"25600,23600,22000,25900,24300,26000,22000,25700,22000,25800,23300,23000,23500,22000,16000,24500,23800,22000,24000,22000,"	"15500,14000,15000,12000,14500,12000,12000,16000,12000,13500,"	"15000,16000,12000,15500,12000,"
raja.stars23@gmail.com	100000	99900	99990	100000	99900	99990	"26000,25900,25800,25700,25600,24500,24300,24000,23800,23600,23500,23300,23000,22000,22000,22000,22000,22000,22000,16000,"	"16000,15500,15000,14500,14000,13500,12000,12000,12000,12000,"	"16000,15500,15000,12000,12000,"
A1D6XP27Q1DV87	80000	30000	10000	50000	20000	0	"25600,23600,22000,25900,24300,26000,22000,25700,22000,25800,23300,23000,23500,22000,16000,24500,23800,22000,24000,22000,"	"15500,14000,15000,12000,14500,12000,12000,16000,12000,13500,"	"5000,6000,2000,5500,2000,"
AVDPHJ3MEOQS9	99999	50000	40000	99999	50000	40000	"26000,25900,25800,25700,25600,24500,24300,24000,23800,23600,23500,23300,23000,22000,22000,22000,22000,22000,22000,16000,"	"16000,15500,15000,14500,14000,13500,12000,12000,12000,12000,"	"16000,15500,15000,12000,12000,"
A3VQP1UC7BA3YU	95500	75500	33500	80000	17500	16500	"25600,23600,22000,25900,24300,26000,22000,25700,22000,25800,23300,23000,23500,22000,16000,24500,23800,22000,24000,22000,"	"15500,14000,15000,12000,14500,12000,12000,16000,12000,13500,"	"15000,16000,12000,15500,12000,"
AU689SWJHRQUB	62000	34000	26000	62000	34000	26000	"25600,23600,22000,25900,24300,26000,22000,25700,22000,25800,23300,23000,23500,22000,16000,24500,23800,22000,24000,22000,"	"15500,14000,15000,12000,14500,12000,12000,16000,12000,13500,"	"15000,16000,12000,15500,12000,"
AGTLC1MJ25K4F	100000	2000	6000	25000	5000	6500	"25600,23600,22000,25900,24300,26000,22000,25700,22000,25800,23300,23000,23500,22000,16000,24500,23800,22000,24000,22000,"	"6500,8000,7000,10000,7500,10000,10000,6000,10000,8500,"	"11000,10000,14000,10500,14000,"
A1NQW9H2DW4XDG	99999	45000	23000	50000	22000	20000	"26000,25900,25800,25700,25600,24500,24300,24000,23800,23600,23500,23300,23000,22000,22000,22000,22000,22000,22000,16000,"	"16000,15500,15000,14500,14000,13500,12000,12000,12000,12000,"	"16000,15500,15000,12000,12000,"
AV7A7JJI64J0J	15000	6000	7500	10500	8500	9500	"11000,10900,10800,10700,10600,9500,9300,9000,8800,8600,8500,8300,8000,7000,7000,7000,7000,7000,7000,1000,"	"10000,10500,11000,11500,12000,12500,14000,14000,14000,14000,"	"11500,12000,12500,15500,15500,"
awmehrunnish@gmail.com	999	98899	98777	89999	96555	87655	"5399,7399,8999,5099,6699,4999,8999,5299,8999,5199,7699,7999,7499,8999,14999,6499,7199,8999,6999,8999,"	"15500,14000,15000,12000,14500,12000,12000,16000,12000,13500,"	"15000,16000,12000,15500,12000,"
ARQA90W3DRJCB	68028	250345	23588	28364	15432	16000	"25600,23600,22000,25900,24300,26000,22000,25700,22000,25800,23300,23000,23500,22000,16000,24500,23800,22000,24000,22000,"	"15500,14000,15000,12000,14500,12000,12000,16000,12000,13500,"	"15000,16000,12000,15500,12000,"
A3JFW7NXI7HCI6	100000	10000	4000	25000	4000	7500	"26000,25900,25800,25700,25600,24500,24300,24000,23800,23600,23500,23300,23000,22000,22000,22000,22000,22000,22000,16000,"	"6000,5500,5000,4500,4000,3500,2000,2000,2000,2000,"	"8000,8500,9000,12000,12000,"
A33Y198DS7LTCU	100000	14000	14000	50000	10000	12000	"26000,25900,25800,25700,25600,24500,24300,24000,23800,23600,23500,23300,23000,22000,22000,22000,22000,22000,22000,16000,"	"10000,9500,9000,8500,8000,7500,6000,6000,6000,6000,"	"10000,9500,9000,6000,6000,"
ATJ8M4UR7NGIJ	7000	13000	85000	14000	8000	12500	"11400,13400,15000,11100,12700,11000,15000,11300,15000,11200,13700,14000,13500,15000,21000,12500,13200,15000,13000,15000,"	"8500,7000,8000,5000,7500,5000,5000,9000,5000,6500,"	"15000,16000,12000,15500,12000,"
AW57V0F44UGO7	100000	25000	25000	100000	15000	16000	"26000,25900,25800,25700,25600,24500,24300,24000,23800,23600,23500,23300,23000,22000,22000,22000,22000,22000,22000,16000,"	"16000,15500,15000,14500,14000,13500,12000,12000,12000,12000,"	"16000,15500,15000,12000,12000,"
A9794G3M1EB6Y	9000	4500	4500	9000	4500	4500	"13400,15400,17000,13100,14700,13000,17000,13300,17000,13200,15700,16000,15500,17000,23000,14500,15200,17000,15000,17000,"	"9000,10500,9500,12500,10000,12500,12500,8500,12500,11000,"	"9500,8500,12500,9000,12500,"
A195HVBZ40PKDX	5000	2500	2000	5000	2500	2000	"9000,9100,9200,9300,9400,10500,10700,11000,11200,11400,11500,11700,12000,13000,13000,13000,13000,13000,13000,19000,"	"6500,7000,7500,8000,8500,9000,10500,10500,10500,10500,"	"6000,6500,7000,10000,10000,"
A18TU22V7OI3NW	500000	250000	200000	45000	200000	18000	"26000,25900,25800,25700,25600,24500,24300,24000,23800,23600,23500,23300,23000,22000,22000,22000,22000,22000,22000,16000,"	"16000,15500,15000,14500,14000,13500,12000,12000,12000,12000,"	"16000,15500,15000,12000,12000,"
A2W212FDCF0DCX	999999	990000	90909	999999	90909	60000	"25600,23600,22000,25900,24300,26000,22000,25700,22000,25800,23300,23000,23500,22000,16000,24500,23800,22000,24000,22000,"	"15500,14000,15000,12000,14500,12000,12000,16000,12000,13500,"	"15000,16000,12000,15500,12000,"
A1LQ1TTZ0DPVTU	20000	1600	4000	11000	2500	4000	"16000,15900,15800,15700,15600,14500,14300,14000,13800,13600,13500,13300,13000,12000,12000,12000,12000,12000,12000,6000,"	"5600,6100,6600,7100,7600,8100,9600,9600,9600,9600,"	"8000,8500,9000,12000,12000,"
A272V86TW3J1XJ	50000	10000	5000	25000	5000	5000	"26000,25900,25800,25700,25600,24500,24300,24000,23800,23600,23500,23300,23000,22000,22000,22000,22000,22000,22000,16000,"	"6000,5500,5000,4500,4000,3500,2000,2000,2000,2000,"	"9000,9500,10000,13000,13000,"
A234VGYGKDPDT0	50000	35000	18000	30000	25000	15000	"26000,25900,25800,25700,25600,24500,24300,24000,23800,23600,23500,23300,23000,22000,22000,22000,22000,22000,22000,16000,"	"16000,15500,15000,14500,14000,13500,12000,12000,12000,12000,"	"14000,13500,13000,10000,10000,"
A1VKNYUOJP788E	50000	24000	25000	24000	24000	25000	"25600,23600,22000,25900,24300,26000,22000,25700,22000,25800,23300,23000,23500,22000,16000,24500,23800,22000,24000,22000,"	"15500,14000,15000,12000,14500,12000,12000,16000,12000,13500,"	"15000,16000,12000,15500,12000,"
A2DCGTGSVHL9KM	60000	4000	14000	25900	8000	10000	"25600,23600,22000,25900,24300,26000,22000,25700,22000,25800,23300,23000,23500,22000,16000,24500,23800,22000,24000,22000,"	"8500,10000,9000,12000,9500,12000,12000,8000,12000,10500,"	"9000,10000,6000,9500,6000,"
A7I6P8TUGP2XO	99999	22000	12000	25000	12400	6000	"25600,23600,22000,25900,24300,26000,22000,25700,22000,25800,23300,23000,23500,22000,16000,24500,23800,22000,24000,22000,"	"15500,14000,15000,12000,14500,12000,12000,16000,12000,13500,"	"7000,8000,4000,7500,4000,"
A1L3KXO27NAYQR	100000	20000	20000	26000	16000	15000	"26000,25900,25800,25700,25600,24500,24300,24000,23800,23600,23500,23300,23000,22000,22000,22000,22000,22000,22000,16000,"	"16000,15500,15000,14500,14000,13500,12000,12000,12000,12000,"	"16000,15500,15000,12000,12000,"
A1DBDHM956762E	90000	5000	10000	45000	10000	10000	"26000,25900,25800,25700,25600,24500,24300,24000,23800,23600,23500,23300,23000,22000,22000,22000,22000,22000,22000,16000,"	"9000,9500,10000,10500,11000,11500,13000,13000,13000,13000,"	"6000,5500,5000,2000,2000,"
A27AY9SE0DKHZU	40000	25500	25500	40000	25500	25500	"26000,25900,25800,25700,25600,24500,24300,24000,23800,23600,23500,23300,23000,22000,22000,22000,22000,22000,22000,16000,"	"16000,15500,15000,14500,14000,13500,12000,12000,12000,12000,"	"16000,15500,15000,12000,12000,"
AM0JKZVOEOTMA	89995	28500	11000	27000	12000	7000	"26000,25900,25800,25700,25600,24500,24300,24000,23800,23600,23500,23300,23000,22000,22000,22000,22000,22000,22000,16000,"	"16000,15500,15000,14500,14000,13500,12000,12000,12000,12000,"	"7000,6500,6000,3000,3000,"
AVNX1G2A82PZY	99999	42000	30000	45000	13000	30000	"26000,25900,25800,25700,25600,24500,24300,24000,23800,23600,23500,23300,23000,22000,22000,22000,22000,22000,22000,16000,"	"16000,15500,15000,14500,14000,13500,12000,12000,12000,12000,"	"16000,15500,15000,12000,12000,"
A56TGJW7GWQIC	100000	85000	15500	100000	15000	15500	"26000,25900,25800,25700,25600,24500,24300,24000,23800,23600,23500,23300,23000,22000,22000,22000,22000,22000,22000,16000,"	"16000,15500,15000,14500,14000,13500,12000,12000,12000,12000,"	"11500,11000,10500,7500,7500,"
ASVTUNZ51H14M	50000	10000	8000	25000	6000	8000	"25600,23600,22000,25900,24300,26000,22000,25700,22000,25800,23300,23000,23500,22000,16000,24500,23800,22000,24000,22000,"	"5500,4000,5000,2000,4500,2000,2000,6000,2000,3500,"	"13000,12000,16000,12500,16000,"
A2533HHCJJRLXX	100000	30000	25000	25800	15000	18000	"25600,23600,22000,25900,24300,26000,22000,25700,22000,25800,23300,23000,23500,22000,16000,24500,23800,22000,24000,22000,"	"15500,14000,15000,12000,14500,12000,12000,16000,12000,13500,"	"15000,16000,12000,15500,12000,"
A32C9XHST5VZC8	1403	5493	11000	9400	11000	5500	"5403,5503,5603,5703,5803,6903,7103,7403,7603,7803,7903,8103,8403,9403,9403,9403,9403,9403,9403,15403,"	"9493,9993,10493,10993,11493,11993,13493,13493,13493,13493,"	"7000,6500,6000,3000,3000,"
A32ZOUVKLUA6O9	100000	25000	15500	22500	15000	11500	"26000,25900,25800,25700,25600,24500,24300,24000,23800,23600,23500,23300,23000,22000,22000,22000,22000,22000,22000,16000,"	"16000,15500,15000,14500,14000,13500,12000,12000,12000,12000,"	"11500,11000,10500,7500,7500,"
A1JBTEJN14MFFA	8000	1400	20000	15000	6000	18000	"12400,14400,16000,12100,13700,12000,16000,12300,16000,12200,14700,15000,14500,16000,22000,13500,14200,16000,14000,16000,"	"5900,7400,6400,9400,6900,9400,9400,5400,9400,7900,"	"15000,16000,12000,15500,12000,"
A826FYIWZYWH5	100000	35000	18000	26000	16500	14500	"25600,23600,22000,25900,24300,26000,22000,25700,22000,25800,23300,23000,23500,22000,16000,24500,23800,22000,24000,22000,"	"15500,14000,15000,12000,14500,12000,12000,16000,12000,13500,"	"13000,14000,10000,13500,10000,"
AUMB617RXM9CU	85650	0	0	0	0	0	"26000,25900,25800,25700,25600,24500,24300,24000,23800,23600,23500,23300,23000,22000,22000,22000,22000,22000,22000,16000,"		
A12F0SGHFDIXLG	100000	50000	50000	100000	50000	50000	"26000,25900,25800,25700,25600,24500,24300,24000,23800,23600,23500,23300,23000,22000,22000,22000,22000,22000,22000,16000,"	"16000,15500,15000,14500,14000,13500,12000,12000,12000,12000,"	"16000,15500,15000,12000,12000,"
A3PDOZ6I8PE9ZK	55	10	11	15	10	11	"4455,6455,8055,4155,5755,4055,8055,4355,8055,4255,6755,7055,6555,8055,14055,5555,6255,8055,6055,8055,"	"4510,6010,5010,8010,5510,8010,8010,4010,8010,6510,"	"5011,4011,8011,4511,8011,"
A2OXOBEWY5V44S	100000	45	50	100000	450000	50	"25600,23600,22000,25900,24300,26000,22000,25700,22000,25800,23300,23000,23500,22000,16000,24500,23800,22000,24000,22000,"	"4545,6045,5045,8045,5545,8045,8045,4045,8045,6545,"	"5050,4050,8050,4550,8050,"
A30KO1ZDD4E02J	5000	6000	10000	8000	9000	8000	"9400,11400,13000,9100,10700,9000,13000,9300,13000,9200,11700,12000,11500,13000,19000,10500,11200,13000,11000,13000,"	"10500,12000,11000,14000,11500,14000,14000,10000,14000,12500,"	"5000,6000,2000,5500,2000,"
AXS9LTZ30XHO9 	48000	23000	20000	58000	23000	20000	"26000,25900,25800,25700,25600,24500,24300,24000,23800,23600,23500,23300,23000,22000,22000,22000,22000,22000,22000,16000,"	"16000,15500,15000,14500,14000,13500,12000,12000,12000,12000,"	"16000,15500,15000,12000,12000,"
 A1UI28XB1R40QM	100000	75000	75000	100000	75000	75000	"25600,23600,22000,25900,24300,26000,22000,25700,22000,25800,23300,23000,23500,22000,16000,24500,23800,22000,24000,22000,"	"15500,14000,15000,12000,14500,12000,12000,16000,12000,13500,"	"15000,16000,12000,15500,12000,"
A381XM5ZPMVMDK	99000	30000	22000	45000	25000	20000	"25600,23600,22000,25900,24300,26000,22000,25700,22000,25800,23300,23000,23500,22000,16000,24500,23800,22000,24000,22000,"	"15500,14000,15000,12000,14500,12000,12000,16000,12000,13500,"	"15000,16000,12000,15500,12000,"
